Intrinsic: [640.1291987855028, 0.0, 310.6979515634958, 0.0, 639.8707433015408, 238.0339433865112, 0.0, 0.0, 1.0]
Rotation: [0.977, 0.081, 0.116, -0.023, 0.856, -0.494, -0.153, 0.495, 0.843]

